4.64600000000000079581
4.64999999999999857891
4.57000000000000028422
4.78100000000000235900
4.59899999999999664624
4.44800000000000039790
4.48300000000000409273
4.62999999999999545253
4.69899999999999806732
5.07500000000000284217
4.53699999999999992184
5.42600000000000015632
4.82300000000000217426
4.45599999999999951683
4.68199999999999860734
4.50499999999999900524
4.77400000000000090949
5.03099999999999880629
4.81099999999999994316
4.62299999999999755573
4.90399999999999636202
4.58599999999999852207
4.88600000000000278533
4.47600000000000086686
4.37800000000000011369
4.80299999999999904787
4.55699999999999860734
4.82000000000000028422
4.67199999999999704414
4.88599999999999923261
4.97200000000000130740
4.96500000000000341061
4.52100000000000079581
4.78300000000000125056
4.70700000000000073896
4.61399999999999987921
4.50000000000000000000
4.41700000000000159162
4.48000000000000042633
4.52199999999999846523
4.53999999999999914735
4.40599999999999880629
4.75399999999999778311
4.79999999999999715783
4.94500000000000028422
5.09599999999999653255
4.85699999999999931788
4.55400000000000204636
4.69300000000000050449
4.45700000000000073896
4.46599999999999930367
4.76299999999999812417
4.76000000000000156319
4.63700000000000045475
4.68400000000000460432
4.88499999999999801048
4.79599999999999937472
4.47699999999999675993
4.89000000000000056843
4.99399999999999977263
4.98000000000000397904
4.40000000000000035527
4.54900000000000037659
4.55700000000000038369
4.79600000000000115108
4.73699999999999832312
4.49699999999999988631
4.49999999999999644729
4.77700000000000102318
4.78699999999999903366
4.64900000000000090949
4.38400000000000034106
4.89399999999999835154
4.71499999999999630518
4.74099999999999965894
4.54100000000000036948
4.84000000000000163425
4.39499999999999957367
4.87900000000000133582
4.56299999999999883471
4.45799999999999840838
4.73400000000000176215
4.41100000000000136424
4.75000000000000000000
4.61899999999999977263
4.24699999999999988631
4.55799999999999982947
4.97299999999999986500
4.73899999999999987921
4.84499999999999886313
4.59299999999999997158
4.75600000000000022737
4.59100000000000108002
4.71999999999999531042
4.86599999999999965894
4.59900000000000375167
4.63600000000000278533
4.76700000000000301270
4.49900000000000233058
4.75600000000000022737
4.81400000000000005684
4.71700000000000052580
4.73099999999999809575
5.13100000000000022737
4.61299999999999954525
4.67299999999999826628
4.53600000000000136424
4.33500000000000085265
4.51300000000000522959
4.65100000000000335376
4.58200000000000073896
5.03300000000000125056
4.80599999999999738520
4.55000000000000071054
5.25900000000000034106
4.89700000000000024158
4.88900000000000289901
5.19399999999999906208
4.63999999999999701572
4.45599999999999596412
4.57099999999999795364
4.50399999999999778311
4.58500000000000085265
4.81500000000000483169
4.58700000000000329692
4.64299999999999979394
4.61199999999999921130
5.13699999999999867839
5.10599999999999987210
4.76899999999999835154
4.71499999999999985789
5.05600000000000093792
4.77499999999999857891
4.28600000000000136424
4.50300000000000011369
4.64900000000000090949
4.51600000000000534328
4.48599999999999710099
4.30899999999999927525
4.62900000000000044764
4.61900000000000154898
4.76300000000000167688
4.71000000000000085265
4.82200000000000272848
4.79400000000000403588
5.00500000000000255795
4.63400000000000034106
4.68100000000000449063
4.51599999999999823785
5.09799999999999897682
4.64100000000000534328
4.56799999999999872813
4.94200000000000017053
4.41299999999999847944
4.56299999999999883471
4.52400000000000090949
4.79300000000000281375
4.62000000000000454747
4.64600000000000079581
4.91700000000000159162
4.43500000000000227374
4.95499999999999829470
4.95499999999999829470
4.59199999999999963762
4.58400000000000051870
4.75199999999999889155
4.81500000000000127898
4.50800000000000267164
4.81000000000000227374
4.62699999999999889155
4.51200000000000045475
4.89900000000000090949
4.52900000000000346745
4.75300000000000011369
4.61100000000000420641
4.74300000000000210321
4.73599999999999976552
4.70299999999999940314
4.71299999999999918998
4.57299999999999862155
4.72599999999999909051
4.73099999999999809575
4.49099999999999965894
4.59200000000000585487
4.81199999999999761258
5.06199999999999761258
4.76899999999999835154
4.62199999999999988631
4.63100000000000022737
4.98500000000000031974
4.63499999999999978684
4.76299999999999812417
4.74099999999999965894
4.62900000000000133582
4.74000000000000198952
4.45400000000000417799
4.73499999999999943157
4.51299999999999812417
4.71500000000000341061
4.68100000000000449063
4.59499999999999886313
4.74000000000000198952
4.59600000000000008527
4.85599999999999987210
4.70800000000000018474
4.71099999999999852207
4.70299999999999940314
4.66199999999999903366
4.35899999999999465672
4.81400000000000005684
4.51100000000000278533
4.71099999999999852207
4.28899999999999437250
5.08299999999999840838
5.05100000000000193268
4.92499999999999982236
4.39200000000000123634
4.83499999999999907629
4.61100000000000065370
4.76300000000000167688
4.54299999999999926104
4.64900000000000090949
4.68700000000000471800
4.69200000000000017053
4.73300000000000409273
4.26100000000000278533
4.96800000000000352429
4.86100000000000065370
4.69100000000000072475
4.68200000000000038369
4.46500000000000163425
4.65300000000000224532
4.65299999999999869260
4.47100000000000008527
4.93500000000000227374
4.56800000000000494538
4.52900000000000346745
4.92699999999999960210
4.47899999999999920419
4.69500000000000028422
4.19499999999999939604
4.57699999999999995737
4.74200000000000088107
4.93399999999999927525
4.87300000000000110845
4.50000000000000000000
4.73999999999999843681
4.58899999999999863576
4.52400000000000090949
4.42799999999999727152
4.78800000000000380851
4.63199999999999789679
4.79999999999999715783
4.67699999999999960210
4.60599999999999987210
4.59200000000000052580
4.72499999999999964473
4.49099999999999965894
4.76500000000000056843
4.87400000000000233058
4.93900000000000005684
4.65200000000000102318
4.72100000000000363798
4.91000000000000369482
4.83500000000000085265
4.76899999999999835154
4.51999999999999957367
4.63499999999999889866
4.50999999999999801048
4.76200000000000045475
4.74399999999999977263
4.76899999999999835154
4.70100000000000051159
4.99200000000000443379
4.80199999999999960210
4.89200000000000301270
4.37800000000000011369
4.53699999999999903366
4.49300000000000210321
4.72299999999999986500
4.82099999999999972999
4.78800000000000025580
4.71899999999999764100
5.05599999999999738520
4.79600000000000292744
5.18599999999999994316
5.03999999999999914735
4.86200000000000187583
4.42200000000000414957
4.42200000000000414957
4.63700000000000045475
4.33000000000000007105
4.56400000000000094502
4.58600000000000029843
5.10100000000000086686
4.64400000000000190425
4.80899999999999749889
4.78399999999999891998
4.82099999999999795364
4.97500000000000142109
4.43800000000000238742
4.58700000000000329692
4.82099999999999795364
4.58700000000000329692
4.36399999999999987921
4.63300000000000000711
5.03500000000000191847
5.06299999999999883471
4.35699999999999931788
4.56499999999999772626
4.46099999999999852207
4.69200000000000017053
4.54399999999999693046
4.85999999999999943157
4.79699999999999704414
4.58200000000000073896
4.51200000000000045475
5.25899999999999945288
4.84500000000000063949
4.82899999999999884892
4.61800000000000210321
4.92399999999999948841
4.83499999999999729994
4.76599999999999823785
4.78300000000000125056
4.89699999999999846523
4.88800000000000522959
4.71399999999999863576
5.15699999999999647571
4.58300000000000018474
4.75300000000000011369
4.61299999999999954525
4.70000000000000106581
4.64000000000000056843
4.42599999999999837996
4.39699999999999846523
4.48199999999999931788
4.28799999999999670308
4.76400000000000289901
4.83199999999999363354
4.74299999999999499778
4.79599999999999937472
4.58900000000000041211
4.43100000000000004974
4.64600000000000079581
4.73300000000000231637
4.58500000000000085265
4.57799999999999940314
4.63499999999999801048
4.63100000000000022737
4.67099999999999937472
4.61599999999999965894
4.49200000000000443379
4.89300000000000068212
4.68100000000000449063
4.88699999999999956657
4.50999999999999978684
4.66500000000000092371
4.48799999999999954525
4.42399999999999948841
4.64699999999999846523
4.59199999999999874944
4.48000000000000397904
4.98000000000000397904
4.69200000000000017053
4.45199999999999818101
4.72500000000000142109
4.61999999999999744205
5.09600000000000008527
4.72800000000000064659
4.61499999999999843681
4.81599999999999894840
4.54700000000000059686
4.66900000000000048317
4.76799999999999712941
4.52399999999999380407
4.75099999999999766942
4.53200000000000358114
4.40100000000000335376
5.10099999999999909051
4.86199999999999477041
4.47299999999999986500
4.51099999999999923261
4.85200000000000031264
5.02200000000000201794
4.48400000000000176215
4.72200000000000130740
4.80699999999999860734
4.49600000000000221689
4.49500000000000454747
4.83200000000000073896
4.66599999999999681677
4.33300000000000551381
4.87500000000000000000
4.51900000000000012790
4.88600000000000100897
4.93699999999999938893
4.55300000000000082423
5.06099999999999994316
4.46499999999999985789
4.63700000000000045475
5.06599999999999539568
4.44199999999999306510
4.39399999999999835154
4.39500000000000312639
4.42600000000000193268
4.92399999999999948841
4.47299999999999897682
4.59299999999999997158
4.78000000000000113687
4.76500000000000056843
4.75499999999999900524
5.04799999999999826628
4.73500000000000653699
4.68699999999999761258
4.67499999999999715783
4.60900000000000176215
4.65100000000000335376
4.29899999999999948841
4.87100000000000044054
4.52999999999999936051
4.88600000000000100897
4.55199999999999960210
4.56599999999999894840
4.31699999999999661782
4.57600000000000406430
4.79099999999999681677
4.68900000000000005684
4.25699999999999789679
4.54299999999999926104
4.61500000000000198952
4.63299999999999556621
4.49300000000000032685
4.80200000000000137845
4.99499999999999921840
4.65000000000000035527
4.61500000000000198952
4.58799999999999741362
4.62699999999999889155
4.93100000000000449063
4.83000000000000540012
4.96999999999999886313
4.96200000000000329692
4.72100000000000363798
4.81099999999999994316
4.76499999999999968026
4.81500000000000039080
4.63299999999999911893
4.87800000000000011369
4.98600000000000065370
4.66300000000000025580
4.76199999999999690203
4.94200000000000017053
4.58000000000000540012
4.77100000000000079581
4.99199999999999732836
4.84400000000000119371
4.54099999999999948130
4.42900000000000027001
4.91400000000000147793
4.93899999999999828049
4.74899999999999877787
4.74899999999999877787
4.67400000000000304112
4.77499999999999857891
4.52200000000000557066
4.89399999999999835154
4.86499999999999488409
4.59299999999999641886
4.27000000000000312639
4.54100000000000036948
4.41499999999999914735
4.77999999999999936051
4.67699999999999960210
4.52400000000000090949
4.59100000000000108002
4.44100000000000250111
4.71500000000000341061
4.50399999999999778311
4.71399999999999863576
4.85300000000000153477
4.60300000000000153477
4.77100000000000079581
4.72400000000000019895
4.63300000000000000711
4.80400000000000027001
4.60199999999999853628
4.80699999999999860734
4.53299999999999769784
4.64699999999999846523
4.60499999999999687361
4.89999999999999857891
4.29000000000000625278
4.39699999999999846523
4.88899999999999579359
4.69599999999999795364
4.51099999999999923261
4.61699999999999999289
4.54300000000000103739
4.80500000000000149214
4.74900000000000233058
4.35000000000000142109
5.12800000000000011369
4.34799999999999897682
4.70499999999999829470
4.51600000000000534328
4.54999999999999715783
4.73499999999999943157
4.66299999999999670308
4.84400000000000030553
5.01299999999999990052
4.62200000000000166267
4.65299999999999869260
4.57100000000000150635
4.83200000000000073896
4.93500000000000227374
4.36599999999999965894
4.33700000000000329692
4.63700000000000045475
4.84900000000000375167
4.38000000000000255795
4.97899999999999920419
4.74000000000000021316
4.85900000000000087397
4.57200000000000095213
4.52199999999999846523
4.57900000000000062528
4.90799999999999769784
4.65299999999999869260
4.47800000000000153477
4.40099999999999624833
4.71399999999999863576
4.59699999999999420197
4.53999999999999914735
4.65700000000000358114
4.43999999999999950262
4.68900000000000005684
4.75500000000000078160
4.56099999999999994316
4.83200000000000073896
4.46299999999999741362
4.46300000000000096634
4.48700000000000187583
4.76300000000000522959
4.56099999999999994316
4.50200000000000244427
4.53800000000000380851
4.70199999999999818101
4.58200000000000073896
4.43900000000000005684
4.76999999999999957367
4.83699999999999974420
4.52999999999999758415
4.89499999999999957367
5.03799999999999670308
4.58299999999999840838
4.89699999999999846523
4.55199999999999960210
4.73500000000000653699
4.63300000000000267164
4.73000000000000397904
4.70999999999999907629
4.69599999999999972999
4.50199999999999889155
4.55799999999999982947
4.81599999999999894840
4.78399999999999891998
4.78999999999999914735
4.86999999999999744205
5.17299999999999471356
4.65899999999999891998
4.82900000000000062528
4.57300000000000039790
4.92999999999999971578
4.70200000000000084555
4.35399999999999920419
4.49699999999999810996
4.57499999999999928946
4.84499999999999886313
4.93299999999999982947
4.61500000000000198952
4.87000000000000454747
4.64000000000000056843
4.93900000000000005684
4.57799999999999585043
4.87800000000000011369
4.90000000000000035527
4.62999999999999989342
4.78400000000000247269
4.59399999999999764100
4.45100000000000051159
4.68199999999999860734
4.91200000000000258638
4.89200000000000301270
4.99399999999999977263
4.85699999999999931788
4.86299999999999954525
5.05499999999999971578
5.27800000000000046896
4.64100000000000001421
4.81600000000000072475
4.61899999999999799627
4.59799999999999897682
5.02599999999999980105
4.39500000000000312639
4.47899999999999920419
4.98799999999999954525
5.05299999999999727152
5.07100000000000505906
4.84499999999999886313
5.01099999999999567990
4.58099999999999951683
4.71200000000000063238
5.06399999999999828049
4.59900000000000019895
4.45299999999999940314
4.51599999999999823785
4.63500000000000156319
4.81200000000000471800
4.69500000000000028422
4.80699999999999505462
5.09899999999999664624
5.12299999999999755573
4.60200000000000031264
4.45699999999999985079
4.52499999999999857891
4.55300000000000082423
4.70899999999999963052
4.48000000000000042633
4.36999999999999744205
4.84100000000000108002
4.55600000000000449063
4.64800000000000324007
4.89099999999999823785
4.52199999999999846523
4.74699999999999988631
4.60699999999999931788
4.81599999999999983658
4.57900000000000062528
4.47400000000000019895
4.96599999999999752731
4.81599999999999894840
4.75300000000000011369
4.55499999999999971578
4.55499999999999971578
4.74499999999999744205
4.44900000000000517275
4.64699999999999846523
4.60599999999999454303
5.06700000000000017053
4.68100000000000093792
4.85399999999999920419
4.64800000000000146372
4.63700000000000045475
4.74200000000000088107
4.46799999999999997158
4.72799999999999442934
4.77999999999999403144
4.61399999999999721467
4.71799999999999641886
5.00000000000000000000
4.64600000000000079581
5.13200000000000056133
4.59500000000000063949
5.08500000000000085265
4.89600000000000079581
4.98799999999999954525
4.74199999999999732836
4.78700000000000258638
4.94300000000000494538
4.71399999999999863576
4.76200000000000045475
4.67900000000000204636
4.58599999999999852207
4.44200000000000017053
4.82900000000000062528
4.75200000000000066791
4.94999999999999928946
4.33200000000000073896
4.70100000000000051159
5.03399999999999891998
5.10499999999999687361
4.60900000000000176215
4.71699999999999874944
4.60000000000000142109
4.58299999999999840838
4.73399999999999465672
4.70100000000000051159
4.68700000000000027711
4.85599999999999987210
4.89399999999999835154
4.69800000000000039790
4.82599999999999695888
4.74899999999999877787
4.85599999999999454303
4.83599999999999852207
4.75999999999999801048
4.56700000000000017053
4.41700000000000159162
4.78500000000000369482
4.74100000000000054712
4.64900000000000002132
4.39999999999999857891
4.46000000000000085265
4.93799999999999883471
4.79800000000000181899
11.63400000000000034106
9.75800000000000267164
10.99000000000000198952
9.75300000000000011369
9.67699999999999960210
9.66899999999999870681
10.21999999999999886313
9.79899999999999948841
9.16399999999999437250
10.91799999999999926104
9.47699999999999853628
9.56200000000000116529
9.32300000000000039790
10.15599999999999880629
9.72699999999999675993
10.56200000000000471800
9.65799999999999947420
11.06499999999999950262
9.80000000000000071054
9.52100000000000079581
9.92699999999999960210
9.78499999999999658939
10.02599999999999980105
10.57000000000000028422
10.00100000000000122213
9.88000000000000255795
9.98199999999999931788
9.83499999999999374722
10.68500000000000049738
10.14599999999999901945
9.34200000000000230216
4.60099999999999909051
